{
 "cells": [
  {
   "cell_type": "code",
   "execution_count": 2,
   "id": "e53e06c6",
   "metadata": {},
   "outputs": [],
   "source": [
    "from src.tsp import TSP"
   ]
  },
  {
   "cell_type": "markdown",
   "id": "abc83a0d",
   "metadata": {},
   "source": [
    "# 1. Carregando Instância \"berlin52\""
   ]
  },
  {
   "cell_type": "code",
   "execution_count": 3,
   "id": "6918ebf3",
   "metadata": {},
   "outputs": [],
   "source": [
    "tsp = TSP.from_tsplib(\"data/berlin52.tsp\")"
   ]
  },
  {
   "cell_type": "markdown",
   "id": "c5792560",
   "metadata": {},
   "source": [
    "* Atributos"
   ]
  },
  {
   "cell_type": "code",
   "execution_count": 4,
   "id": "d0caac04",
   "metadata": {},
   "outputs": [
    {
     "name": "stdout",
     "output_type": "stream",
     "text": [
      "{'coordinates': [(565.0, 575.0), (25.0, 185.0), (345.0, 750.0), (945.0, 685.0), (845.0, 655.0), (880.0, 660.0), (25.0, 230.0), (525.0, 1000.0), (580.0, 1175.0), (650.0, 1130.0), (1605.0, 620.0), (1220.0, 580.0), (1465.0, 200.0), (1530.0, 5.0), (845.0, 680.0), (725.0, 370.0), (145.0, 665.0), (415.0, 635.0), (510.0, 875.0), (560.0, 365.0), (300.0, 465.0), (520.0, 585.0), (480.0, 415.0), (835.0, 625.0), (975.0, 580.0), (1215.0, 245.0), (1320.0, 315.0), (1250.0, 400.0), (660.0, 180.0), (410.0, 250.0), (420.0, 555.0), (575.0, 665.0), (1150.0, 1160.0), (700.0, 580.0), (685.0, 595.0), (685.0, 610.0), (770.0, 610.0), (795.0, 645.0), (720.0, 635.0), (760.0, 650.0), (475.0, 960.0), (95.0, 260.0), (875.0, 920.0), (700.0, 500.0), (555.0, 815.0), (830.0, 485.0), (1170.0, 65.0), (830.0, 610.0), (605.0, 625.0), (595.0, 360.0), (1340.0, 725.0), (1740.0, 245.0)], 'n': 52, 'dist_matrix': [[0, 666, 281, 396, 291, 326, 641, 427, 600, 561, 1041, 655, 975, 1121, 299, 260, 430, 162, 305, 210, 287, 46, 181, 275, 410, 729, 799, 707, 406, 360, 146, 91, 827, 135, 122, 125, 208, 240, 166, 209, 395, 566, 464, 154, 240, 280, 791, 267, 64, 217, 789, 1220], [666, 0, 649, 1047, 945, 978, 45, 956, 1135, 1133, 1639, 1259, 1440, 1516, 958, 724, 495, 595, 843, 564, 392, 636, 510, 922, 1029, 1192, 1302, 1244, 635, 390, 541, 730, 1489, 782, 777, 785, 858, 897, 828, 870, 896, 103, 1124, 745, 823, 859, 1151, 910, 728, 596, 1422, 1716], [281, 649, 0, 604, 509, 543, 611, 308, 486, 487, 1267, 891, 1248, 1400, 505, 537, 217, 135, 207, 441, 289, 241, 361, 506, 653, 1006, 1068, 970, 651, 504, 209, 245, 903, 394, 374, 368, 447, 462, 392, 427, 247, 550, 557, 434, 220, 553, 1072, 505, 288, 463, 995, 1484], [396, 1047, 604, 0, 104, 70, 1026, 525, 611, 534, 663, 294, 711, 897, 100, 384, 800, 532, 475, 501, 681, 437, 538, 125, 109, 516, 527, 417, 580, 690, 541, 371, 517, 267, 275, 271, 190, 155, 230, 188, 545, 950, 245, 307, 411, 231, 660, 137, 345, 478, 397, 909], [291, 945, 509, 104, 0, 35, 924, 471, 584, 513, 761, 382, 769, 944, 25, 309, 700, 430, 401, 407, 577, 332, 437, 32, 150, 552, 584, 479, 510, 594, 437, 270, 590, 163, 171, 166, 87, 51, 127, 85, 480, 848, 267, 212, 331, 171, 674, 47, 242, 387, 500, 984], [326, 978, 543, 70, 35, 0, 957, 492, 596, 523, 726, 349, 744, 923, 40, 329, 735, 466, 428, 435, 612, 368, 469, 57, 124, 533, 559, 452, 528, 624, 472, 305, 568, 197, 206, 201, 121, 86, 162, 120, 504, 881, 260, 241, 360, 182, 662, 71, 277, 414, 465, 955], [641, 45, 611, 1026, 924, 957, 0, 918, 1096, 1096, 1627, 1245, 1440, 1522, 935, 714, 451, 562, 807, 552, 362, 609, 491, 901, 1012, 1190, 1298, 1237, 637, 386, 512, 701, 1460, 760, 754, 762, 836, 875, 804, 847, 858, 76, 1095, 727, 789, 844, 1157, 890, 702, 585, 1405, 1715], [427, 956, 308, 525, 471, 492, 918, 0, 183, 180, 1145, 812, 1234, 1414, 453, 661, 507, 381, 126, 636, 580, 415, 587, 487, 616, 1023, 1049, 941, 831, 759, 457, 339, 645, 455, 435, 422, 461, 446, 414, 422, 64, 856, 359, 530, 187, 599, 1136, 495, 383, 644, 860, 1430], [600, 1135, 486, 611, 584, 596, 1096, 183, 0, 83, 1166, 874, 1317, 1507, 561, 818, 670, 565, 308, 810, 763, 593, 767, 606, 714, 1126, 1135, 1024, 998, 940, 640, 510, 570, 607, 589, 575, 596, 572, 558, 555, 239, 1036, 390, 686, 361, 734, 1257, 618, 551, 815, 883, 1487], [561, 1133, 487, 534, 513, 523, 1096, 180, 83, 0, 1083, 792, 1237, 1428, 490, 764, 686, 548, 291, 770, 751, 560, 735, 538, 639, 1050, 1055, 945, 950, 912, 619, 471, 501, 552, 536, 521, 534, 506, 500, 492, 244, 1032, 308, 632, 329, 670, 1185, 550, 507, 772, 800, 1404], [1041, 1639, 1267, 663, 761, 726, 1627, 1145, 1166, 1083, 0, 387, 443, 620, 762, 915, 1461, 1190, 1124, 1076, 1314, 1086, 1144, 770, 631, 541, 417, 418, 1042, 1251, 1187, 1031, 706, 906, 920, 920, 835, 810, 885, 846, 1180, 1552, 789, 913, 1068, 787, 705, 775, 1000, 1043, 285, 399], [655, 1259, 891, 294, 382, 349, 1245, 812, 874, 792, 387, 0, 452, 653, 388, 538, 1078, 807, 769, 694, 927, 700, 758, 388, 245, 335, 283, 182, 688, 875, 800, 651, 584, 520, 535, 536, 451, 430, 503, 465, 836, 1170, 484, 526, 705, 401, 517, 391, 617, 663, 188, 619], [975, 1440, 1248, 711, 769, 744, 1440, 1234, 1317, 1237, 443, 452, 0, 206, 784, 759, 1400, 1137, 1169, 920, 1195, 1020, 1008, 760, 620, 254, 185, 294, 805, 1056, 1104, 1004, 1010, 854, 874, 881, 807, 804, 863, 836, 1248, 1371, 931, 822, 1098, 696, 324, 756, 959, 885, 540, 279], [1121, 1516, 1400, 897, 944, 923, 1522, 1414, 1507, 1428, 620, 653, 206, 0, 962, 884, 1534, 1281, 1341, 1035, 1313, 1165, 1127, 931, 799, 396, 374, 484, 887, 1146, 1239, 1161, 1216, 1010, 1031, 1039, 971, 975, 1026, 1004, 1423, 1457, 1125, 966, 1268, 849, 365, 925, 1114, 1000, 745, 319], [299, 958, 505, 100, 25, 40, 935, 453, 561, 490, 762, 388, 784, 962, 0, 332, 700, 432, 388, 425, 586, 339, 451, 56, 164, 571, 599, 492, 533, 612, 443, 270, 569, 176, 181, 175, 103, 61, 133, 90, 464, 860, 242, 231, 320, 196, 696, 72, 246, 406, 497, 995], [260, 724, 537, 384, 309, 329, 714, 661, 818, 764, 915, 538, 759, 884, 332, 0, 651, 408, 549, 165, 435, 297, 249, 278, 326, 506, 598, 526, 201, 337, 357, 331, 897, 211, 229, 243, 244, 284, 265, 282, 641, 640, 570, 132, 476, 156, 539, 262, 282, 130, 710, 1023], [430, 495, 217, 800, 700, 735, 451, 507, 670, 686, 1461, 1078, 1400, 1534, 700, 651, 0, 272, 421, 512, 253, 383, 418, 691, 834, 1149, 1226, 1136, 707, 492, 296, 430, 1120, 561, 545, 543, 627, 650, 576, 615, 443, 408, 773, 579, 437, 708, 1188, 687, 462, 544, 1197, 1649], [162, 595, 135, 532, 430, 466, 562, 381, 565, 548, 1190, 807, 1137, 1281, 432, 408, 272, 0, 258, 306, 205, 116, 229, 420, 563, 890, 960, 867, 517, 385, 80, 163, 903, 290, 273, 271, 356, 380, 305, 345, 330, 493, 541, 315, 228, 441, 946, 416, 190, 329, 929, 1381], [305, 843, 207, 475, 401, 428, 807, 126, 308, 291, 1124, 769, 1169, 1341, 388, 549, 421, 258, 0, 512, 461, 290, 461, 410, 551, 945, 985, 879, 711, 633, 332, 220, 701, 351, 330, 318, 371, 366, 319, 336, 92, 742, 368, 420, 75, 504, 1045, 415, 267, 522, 843, 1382], [210, 564, 441, 501, 407, 435, 552, 636, 810, 770, 1076, 694, 920, 1035, 425, 165, 512, 306, 512, 0, 279, 224, 94, 378, 467, 666, 762, 691, 210, 189, 236, 300, 990, 257, 262, 275, 323, 366, 314, 348, 601, 477, 638, 194, 450, 295, 680, 365, 264, 35, 859, 1186], [287, 392, 289, 681, 577, 612, 362, 580, 763, 751, 1314, 927, 1195, 1313, 586, 435, 253, 205, 461, 279, 0, 251, 187, 558, 685, 941, 1031, 952, 459, 242, 150, 340, 1098, 416, 406, 411, 492, 527, 453, 496, 525, 290, 733, 402, 433, 530, 958, 549, 344, 313, 1072, 1457], [46, 636, 241, 437, 332, 368, 609, 415, 593, 560, 1086, 700, 1020, 1165, 339, 297, 383, 116, 290, 224, 251, 0, 175, 318, 455, 774, 844, 753, 429, 353, 104, 97, 853, 180, 165, 167, 251, 281, 206, 249, 378, 535, 488, 199, 233, 326, 832, 311, 94, 237, 832, 1266], [181, 510, 361, 538, 437, 469, 491, 587, 767, 735, 1144, 758, 1008, 1127, 451, 249, 418, 229, 461, 94, 187, 175, 0, 412, 522, 754, 846, 770, 296, 179, 152, 267, 1002, 275, 273, 283, 349, 390, 326, 366, 545, 415, 641, 236, 407, 357, 774, 401, 244, 127, 914, 1271], [275, 922, 506, 125, 32, 57, 901, 487, 606, 538, 770, 388, 760, 931, 56, 278, 691, 420, 410, 378, 558, 318, 412, 0, 147, 537, 576, 472, 478, 567, 421, 263, 621, 142, 153, 151, 67, 45, 115, 79, 492, 825, 298, 184, 338, 140, 653, 16, 230, 358, 515, 982], [410, 1029, 653, 109, 150, 124, 1012, 616, 714, 639, 631, 245, 620, 799, 164, 326, 834, 563, 551, 467, 685, 455, 522, 147, 0, 412, 435, 329, 509, 654, 556, 409, 606, 275, 290, 292, 207, 191, 261, 226, 628, 936, 354, 286, 481, 173, 551, 148, 373, 439, 393, 835], [729, 1192, 1006, 516, 552, 533, 1190, 1023, 1126, 1050, 541, 335, 254, 396, 571, 506, 1149, 890, 945, 666, 941, 774, 754, 537, 412, 0, 126, 159, 559, 805, 853, 766, 917, 614, 635, 644, 576, 580, 630, 609, 1029, 1120, 756, 575, 872, 454, 186, 531, 719, 631, 496, 525], [799, 1302, 1068, 527, 584, 559, 1298, 1049, 1135, 1055, 417, 283, 185, 374, 599, 598, 1226, 960, 985, 762, 1031, 844, 846, 576, 435, 126, 0, 110, 674, 912, 931, 823, 862, 674, 694, 700, 624, 620, 680, 653, 1063, 1226, 751, 647, 914, 519, 292, 572, 779, 726, 410, 426], [707, 1244, 970, 417, 479, 452, 1237, 941, 1024, 945, 418, 182, 294, 484, 492, 526, 1136, 867, 879, 691, 952, 753, 770, 472, 329, 159, 110, 0, 630, 853, 844, 725, 767, 579, 598, 603, 524, 517, 580, 550, 956, 1163, 641, 559, 809, 429, 344, 470, 683, 656, 337, 514], [406, 635, 651, 580, 510, 528, 637, 831, 998, 950, 1042, 688, 805, 887, 533, 201, 707, 517, 711, 210, 459, 429, 296, 478, 509, 559, 674, 630, 0, 260, 445, 492, 1096, 402, 416, 431, 444, 484, 459, 481, 802, 571, 771, 322, 644, 349, 523, 462, 448, 191, 871, 1082], [360, 390, 504, 690, 594, 624, 386, 759, 940, 912, 1251, 875, 1056, 1146, 612, 337, 492, 385, 633, 189, 242, 353, 179, 567, 654, 805, 912, 853, 260, 0, 305, 447, 1173, 439, 441, 453, 509, 552, 494, 532, 713, 315, 816, 383, 583, 481, 782, 553, 423, 215, 1044, 1330], [146, 541, 209, 541, 437, 472, 512, 457, 640, 619, 1187, 800, 1104, 1239, 443, 357, 296, 80, 332, 236, 150, 104, 152, 421, 556, 853, 931, 844, 445, 305, 0, 190, 948, 281, 268, 271, 354, 386, 310, 353, 409, 439, 583, 285, 293, 416, 896, 414, 198, 262, 936, 1356], [91, 730, 245, 371, 270, 305, 701, 339, 510, 471, 1031, 651, 1004, 1161, 270, 331, 430, 163, 220, 300, 340, 97, 267, 263, 409, 766, 823, 725, 492, 447, 190, 0, 759, 151, 130, 123, 203, 221, 148, 186, 311, 628, 394, 207, 151, 312, 845, 261, 50, 306, 767, 1238], [827, 1489, 903, 517, 590, 568, 1460, 645, 570, 501, 706, 584, 1010, 1216, 569, 897, 1120, 903, 701, 990, 1098, 853, 1002, 621, 606, 917, 862, 767, 1096, 1173, 948, 759, 0, 734, 732, 720, 669, 625, 679, 642, 704, 1387, 365, 799, 688, 747, 1095, 636, 764, 974, 475, 1089], [135, 782, 394, 267, 163, 197, 760, 455, 607, 552, 906, 520, 854, 1010, 176, 211, 561, 290, 351, 257, 416, 180, 275, 142, 275, 614, 674, 579, 402, 439, 281, 151, 734, 0, 21, 34, 76, 115, 59, 92, 442, 684, 382, 80, 276, 161, 697, 133, 105, 244, 656, 1093], [122, 777, 374, 275, 171, 206, 754, 435, 589, 536, 920, 535, 874, 1031, 181, 229, 545, 273, 330, 262, 406, 165, 273, 153, 290, 635, 694, 598, 416, 441, 268, 130, 732, 21, 0, 15, 86, 121, 53, 93, 421, 678, 376, 96, 256, 182, 718, 146, 85, 252, 668, 1112], [125, 785, 368, 271, 166, 201, 762, 422, 575, 521, 920, 536, 881, 1039, 175, 243, 543, 271, 318, 275, 411, 167, 283, 151, 292, 644, 700, 603, 431, 453, 271, 123, 720, 34, 15, 0, 85, 115, 43, 85, 408, 686, 364, 111, 243, 191, 730, 145, 81, 266, 665, 1116], [208, 858, 447, 190, 87, 121, 836, 461, 596, 534, 835, 451, 807, 971, 103, 244, 627, 356, 371, 323, 492, 251, 349, 67, 207, 576, 624, 524, 444, 509, 354, 203, 669, 76, 86, 85, 0, 43, 56, 41, 458, 760, 327, 130, 297, 139, 676, 60, 166, 305, 581, 1036], [240, 897, 462, 155, 51, 86, 875, 446, 572, 506, 810, 430, 804, 975, 61, 284, 650, 380, 366, 366, 527, 281, 390, 45, 191, 580, 620, 517, 484, 552, 386, 221, 625, 115, 121, 115, 43, 0, 76, 35, 449, 799, 286, 173, 294, 164, 691, 49, 191, 348, 551, 1026], [166, 828, 392, 230, 127, 162, 804, 414, 558, 500, 885, 503, 863, 1026, 133, 265, 576, 305, 319, 314, 453, 206, 326, 115, 261, 630, 680, 580, 459, 494, 310, 148, 679, 59, 53, 43, 56, 76, 0, 43, 407, 729, 324, 136, 244, 186, 726, 113, 115, 302, 626, 1092], [209, 870, 427, 188, 85, 120, 847, 422, 555, 492, 846, 465, 836, 1004, 90, 282, 615, 345, 336, 348, 496, 249, 366, 79, 226, 609, 653, 550, 481, 532, 353, 186, 642, 92, 93, 85, 41, 35, 43, 0, 421, 771, 293, 162, 263, 179, 714, 81, 157, 334, 585, 1060], [395, 896, 247, 545, 480, 504, 858, 64, 239, 244, 1180, 836, 1248, 1423, 464, 641, 443, 330, 92, 601, 525, 378, 545, 492, 628, 1029, 1063, 956, 802, 713, 409, 311, 704, 442, 421, 408, 458, 449, 407, 421, 0, 796, 402, 512, 166, 593, 1133, 499, 359, 612, 896, 1453], [566, 103, 550, 950, 848, 881, 76, 856, 1036, 1032, 1552, 1170, 1371, 1457, 860, 640, 408, 493, 742, 477, 290, 535, 415, 825, 936, 1120, 1226, 1163, 571, 315, 439, 628, 1387, 684, 678, 686, 760, 799, 729, 771, 796, 0, 1022, 651, 721, 769, 1093, 814, 627, 510, 1329, 1645], [464, 1124, 557, 245, 267, 260, 1095, 359, 390, 308, 789, 484, 931, 1125, 242, 570, 773, 541, 368, 638, 733, 488, 641, 298, 354, 756, 751, 641, 771, 816, 583, 394, 365, 382, 376, 364, 327, 286, 324, 293, 402, 1022, 0, 455, 337, 437, 904, 313, 400, 626, 504, 1097], [154, 745, 434, 307, 212, 241, 727, 530, 686, 632, 913, 526, 822, 966, 231, 132, 579, 315, 420, 194, 402, 199, 236, 184, 286, 575, 647, 559, 322, 383, 285, 207, 799, 80, 96, 111, 130, 173, 136, 162, 512, 651, 455, 0, 347, 131, 640, 170, 157, 175, 678, 1071], [240, 823, 220, 411, 331, 360, 789, 187, 361, 329, 1068, 705, 1098, 1268, 320, 476, 437, 228, 75, 450, 433, 233, 407, 338, 481, 872, 914, 809, 644, 583, 293, 151, 688, 276, 256, 243, 297, 294, 244, 263, 166, 721, 337, 347, 0, 430, 970, 343, 196, 457, 790, 1315], [280, 859, 553, 231, 171, 182, 844, 599, 734, 670, 787, 401, 696, 849, 196, 156, 708, 441, 504, 295, 530, 326, 357, 140, 173, 454, 519, 429, 349, 481, 416, 312, 747, 161, 182, 191, 139, 164, 186, 179, 593, 769, 437, 131, 430, 0, 540, 125, 265, 266, 564, 941], [791, 1151, 1072, 660, 674, 662, 1157, 1136, 1257, 1185, 705, 517, 324, 365, 696, 539, 1188, 946, 1045, 680, 958, 832, 774, 653, 551, 186, 292, 344, 523, 782, 896, 845, 1095, 697, 718, 730, 676, 691, 726, 714, 1133, 1093, 904, 640, 970, 540, 0, 642, 796, 646, 682, 598], [267, 910, 505, 137, 47, 71, 890, 495, 618, 550, 775, 391, 756, 925, 72, 262, 687, 416, 415, 365, 549, 311, 401, 16, 148, 531, 572, 470, 462, 553, 414, 261, 636, 133, 146, 145, 60, 49, 113, 81, 499, 814, 313, 170, 343, 125, 642, 0, 225, 343, 523, 980], [64, 728, 288, 345, 242, 277, 702, 383, 551, 507, 1000, 617, 959, 1114, 246, 282, 462, 190, 267, 264, 344, 94, 244, 230, 373, 719, 779, 683, 448, 423, 198, 50, 764, 105, 85, 81, 166, 191, 115, 157, 359, 627, 400, 157, 196, 265, 796, 225, 0, 265, 742, 1197], [217, 596, 463, 478, 387, 414, 585, 644, 815, 772, 1043, 663, 885, 1000, 406, 130, 544, 329, 522, 35, 313, 237, 127, 358, 439, 631, 726, 656, 191, 215, 262, 306, 974, 244, 252, 266, 305, 348, 302, 334, 612, 510, 626, 175, 457, 266, 646, 343, 265, 0, 830, 1151], [789, 1422, 995, 397, 500, 465, 1405, 860, 883, 800, 285, 188, 540, 745, 497, 710, 1197, 929, 843, 859, 1072, 832, 914, 515, 393, 496, 410, 337, 871, 1044, 936, 767, 475, 656, 668, 665, 581, 551, 626, 585, 896, 1329, 504, 678, 790, 564, 682, 523, 742, 830, 0, 625], [1220, 1716, 1484, 909, 984, 955, 1715, 1430, 1487, 1404, 399, 619, 279, 319, 995, 1023, 1649, 1381, 1382, 1186, 1457, 1266, 1271, 982, 835, 525, 426, 514, 1082, 1330, 1356, 1238, 1089, 1093, 1112, 1116, 1036, 1026, 1092, 1060, 1453, 1645, 1097, 1071, 1315, 941, 598, 980, 1197, 1151, 625, 0]]}\n"
     ]
    }
   ],
   "source": [
    "print(vars(tsp))"
   ]
  },
  {
   "cell_type": "code",
   "execution_count": null,
   "id": "e4e8d83b",
   "metadata": {},
   "outputs": [],
   "source": [
    "print(tsp.__dict__)"
   ]
  },
  {
   "cell_type": "markdown",
   "id": "be1e7b41",
   "metadata": {},
   "source": [
    "* Métodos"
   ]
  },
  {
   "cell_type": "code",
   "execution_count": 6,
   "id": "e490c103",
   "metadata": {},
   "outputs": [
    {
     "name": "stdout",
     "output_type": "stream",
     "text": [
      "['__class__', '__delattr__', '__dict__', '__dir__', '__doc__', '__eq__', '__firstlineno__', '__format__', '__ge__', '__getattribute__', '__getstate__', '__gt__', '__hash__', '__init__', '__init_subclass__', '__le__', '__lt__', '__module__', '__ne__', '__new__', '__reduce__', '__reduce_ex__', '__repr__', '__setattr__', '__sizeof__', '__static_attributes__', '__str__', '__subclasshook__', '__weakref__', '_compute_distance_matrix', '_euclidean_distance', 'coordinates', 'dist_matrix', 'distance', 'from_tsplib', 'is_valid_route', 'n', 'route_cost']\n"
     ]
    }
   ],
   "source": [
    "print(dir(tsp))"
   ]
  },
  {
   "cell_type": "code",
   "execution_count": 7,
   "id": "78820a21",
   "metadata": {},
   "outputs": [
    {
     "name": "stdout",
     "output_type": "stream",
     "text": [
      "['__class__', '__delattr__', '__dir__', '__eq__', '__format__', '__ge__', '__getattribute__', '__getstate__', '__gt__', '__hash__', '__init__', '__init_subclass__', '__le__', '__lt__', '__ne__', '__new__', '__reduce__', '__reduce_ex__', '__repr__', '__setattr__', '__sizeof__', '__str__', '__subclasshook__', '_compute_distance_matrix', '_euclidean_distance', 'distance', 'from_tsplib', 'is_valid_route', 'route_cost']\n"
     ]
    }
   ],
   "source": [
    "methods = [m for m in dir(tsp) if callable(getattr(tsp, m))]\n",
    "print(methods)"
   ]
  },
  {
   "cell_type": "code",
   "execution_count": 8,
   "id": "a6f80b50",
   "metadata": {},
   "outputs": [
    {
     "name": "stdout",
     "output_type": "stream",
     "text": [
      "['_compute_distance_matrix', '_euclidean_distance', 'distance', 'from_tsplib', 'is_valid_route', 'route_cost']\n"
     ]
    }
   ],
   "source": [
    "# Sem métodos internos\n",
    "\n",
    "methods = [\n",
    "    m for m in dir(tsp)\n",
    "    if callable(getattr(tsp, m)) and not m.startswith(\"__\")\n",
    "]\n",
    "print(methods)"
   ]
  },
  {
   "cell_type": "markdown",
   "id": "26a64ff9",
   "metadata": {},
   "source": [
    "* Gerando documentação do objeto TSP"
   ]
  },
  {
   "cell_type": "code",
   "execution_count": 10,
   "id": "a382e911",
   "metadata": {},
   "outputs": [
    {
     "name": "stdout",
     "output_type": "stream",
     "text": [
      "None\n",
      "[('__init__', <function TSP.__init__ at 0x000001F032566700>), ('_compute_distance_matrix', <function TSP._compute_distance_matrix at 0x000001F032566840>), ('_euclidean_distance', <function TSP._euclidean_distance at 0x000001F0325667A0>), ('distance', <function TSP.distance at 0x000001F0325668E0>), ('from_tsplib', <function TSP.from_tsplib at 0x000001F032566AC0>), ('is_valid_route', <function TSP.is_valid_route at 0x000001F032566A20>), ('route_cost', <function TSP.route_cost at 0x000001F032566980>)]\n"
     ]
    }
   ],
   "source": [
    "import inspect\n",
    "from src.tsp import TSP\n",
    "\n",
    "print(inspect.getdoc(TSP))\n",
    "print(inspect.getmembers(TSP, predicate=inspect.isfunction))"
   ]
  },
  {
   "cell_type": "markdown",
   "id": "55d9b1c1",
   "metadata": {},
   "source": [
    "* Para gerar documentação completa em html no /docs, executar  no terminal:\n",
    "\n",
    "* **pdoc src -o docs**"
   ]
  },
  {
   "cell_type": "markdown",
   "id": "4515b54d",
   "metadata": {},
   "source": [
    "# 2. Heurística de Construção"
   ]
  },
  {
   "cell_type": "code",
   "execution_count": 12,
   "id": "4ab2081c",
   "metadata": {},
   "outputs": [],
   "source": [
    "from src.heuristics import (\n",
    "    nearest_neighbor,\n",
    "    nearest_neighbor_randomized,\n",
    "    cheapest_insertion,\n",
    "    random_solution\n",
    ")\n",
    "\n",
    "routes = {\n",
    "    \"nn\": nearest_neighbor(tsp, start=0),\n",
    "    \"ci\": cheapest_insertion(tsp, initial_route = [0, 1]),\n",
    "}"
   ]
  },
  {
   "cell_type": "code",
   "execution_count": 18,
   "id": "94eb086d",
   "metadata": {},
   "outputs": [],
   "source": [
    "import matplotlib.pyplot as plt\n",
    "\n",
    "\n",
    "def plot_tsp_route(tsp, route, title=\"TSP Route\", show_cost=True):\n",
    "    coords = tsp.coordinates\n",
    "\n",
    "    # custo da rota\n",
    "    cost = tsp.route_cost(route)\n",
    "\n",
    "    # coordenadas na ordem da rota\n",
    "    x = [coords[i][0] for i in route]\n",
    "    y = [coords[i][1] for i in route]\n",
    "\n",
    "    # fecha o ciclo\n",
    "    x.append(x[0])\n",
    "    y.append(y[0])\n",
    "\n",
    "    plt.figure(figsize=(8, 6))\n",
    "\n",
    "    # cidades\n",
    "    plt.scatter([c[0] for c in coords],\n",
    "                [c[1] for c in coords],\n",
    "                c='red')\n",
    "\n",
    "    # rota\n",
    "    plt.plot(x, y, '-o', color='blue')\n",
    "\n",
    "    # labels das cidades\n",
    "    for i, (xi, yi) in enumerate(coords):\n",
    "        plt.text(xi, yi, str(i), fontsize=8)\n",
    "\n",
    "    # título com custo\n",
    "    if show_cost:\n",
    "        title = f\"{title} | Cost = {cost:.2f}\"\n",
    "\n",
    "    plt.title(title)\n",
    "    plt.xlabel(\"X\")\n",
    "    plt.ylabel(\"Y\")\n",
    "    plt.grid(True)\n",
    "    plt.show()\n",
    "\n",
    "    return cost"
   ]
  },
  {
   "cell_type": "code",
   "execution_count": 21,
   "id": "a0897000",
   "metadata": {},
   "outputs": [
    {
     "data": {
